iteration , Loss , acc , valLoss , valAcc
0 ,1.76078705783844 ,0.38508 ,1.457370518875122 ,0.4762
1 ,1.277578187866211 ,0.54446 ,1.2334161838531494 ,0.5608
2 ,1.0050456760787965 ,0.64558 ,1.0843385425567627 ,0.614
3 ,0.9211229745483398 ,0.67666 ,1.1111131259918212 ,0.6145
4 ,0.7782237607765198 ,0.73062 ,1.0027076345443726 ,0.6472
5 ,0.6129926118659973 ,0.79648 ,1.0567390882492065 ,0.6331
6 ,0.5763936285495758 ,0.80604 ,1.0279724759101867 ,0.65
7 ,0.4246567920398712 ,0.86798 ,1.0186599254608155 ,0.66
8 ,0.3503714267921448 ,0.89744 ,1.061169840145111 ,0.6495
9 ,0.2904136016178131 ,0.91964 ,1.065192732334137 ,0.6618
10 ,0.2042772293615341 ,0.95454 ,1.098429246902466 ,0.658
11 ,0.1704523722076416 ,0.964 ,1.1204368412971497 ,0.6591
12 ,0.12690873456716537 ,0.97896 ,1.1336874441146851 ,0.6622
13 ,0.09854313898801803 ,0.98728 ,1.167668260383606 ,0.6593
14 ,0.08022455273628235 ,0.9912 ,1.176463205051422 ,0.6587
15 ,0.06488829610586166 ,0.99396 ,1.2080743335723878 ,0.6631
16 ,0.05552181858181954 ,0.99518 ,1.2141092235565185 ,0.6626
17 ,0.04590582588195801 ,0.99726 ,1.2319315987586974 ,0.6602
18 ,0.03993802809536457 ,0.99764 ,1.2325603220939636 ,0.6604
19 ,0.035345583482682706 ,0.99822 ,1.2443986680984498 ,0.6634
20 ,0.030668631015121937 ,0.99854 ,1.2648337794303894 ,0.6619
21 ,0.027643265877366065 ,0.99862 ,1.271187541103363 ,0.6654
22 ,0.02535988095998764 ,0.99888 ,1.2792181679725647 ,0.663
23 ,0.023046010262966155 ,0.99916 ,1.3000903539657593 ,0.6657
24 ,0.021687162508666515 ,0.99902 ,1.2981044365882874 ,0.6662
